P2M                  : 6.9797000e-02
M2M                  : 3.2505000e-02
P2L                  : 6.2000000e-04
M2P                  : 4.2200000e-04
P2P                  : 1.0521050e+00
M2L                  : 9.6275700e-01
L2L                  : 3.1733000e-02
L2P                  : 1.0419500e-01
P2M                  : 5.6898200e-01
M2M                  : 2.5434000e-01
P2L                  : 6.5200000e-04
M2P                  : 4.7900000e-04
P2P                  : 1.0491150e+00
M2L                  : 9.3126380e+00
L2L                  : 2.6604400e-01
L2P                  : 6.9269100e-01
P2M                  : 5.6127800e-01
M2M                  : 2.5114400e-01
P2L                  : 6.4500000e-04
M2P                  : 6.4300000e-04
P2P                  : 1.0561360e+00
M2L                  : 4.8104960e+00
L2L                  : 2.5611700e-01
L2P                  : 6.5465400e-01
