P2M                  : 2.8746900e-01
M2M                  : 1.2722200e-01
P2L                  : 6.4200000e-04
M2P                  : 5.1700000e-04
P2P                  : 1.0560470e+00
M2L                  : 2.9546060e+00
L2L                  : 1.3044600e-01
L2P                  : 3.6301800e-01
