P2M                  : 7.3140000e-02
M2M                  : 3.0805000e-02
P2L                  : 5.3900000e-04
M2P                  : 5.2100000e-04
P2P                  : 1.0673240e+00
M2L                  : 9.5082500e-01
L2L                  : 3.0819000e-02
L2P                  : 1.0233900e-01
P2M                  : 3.0462800e-01
M2M                  : 1.2874300e-01
P2L                  : 4.7000000e-04
M2P                  : 4.2100000e-04
P2P                  : 1.0593130e+00
M2L                  : 2.9938480e+00
L2L                  : 1.2634400e-01
L2P                  : 3.7473900e-01
P2M                  : 2.9929800e-01
M2M                  : 1.2920900e-01
P2L                  : 5.4100000e-04
M2P                  : 4.6000000e-04
P2P                  : 1.0716600e+00
M2L                  : 2.8958270e+00
L2L                  : 1.2570200e-01
L2P                  : 3.7279800e-01
