P2M                  : 7.5972000e-02
M2M                  : 3.1396000e-02
P2L                  : 5.2300000e-04
M2P                  : 6.0900000e-04
P2P                  : 1.0658920e+00
M2L                  : 9.7173500e-01
L2L                  : 3.1345000e-02
L2P                  : 1.0030500e-01
P2M                  : 5.7061900e-01
M2M                  : 2.6465500e-01
P2L                  : 4.4900000e-04
M2P                  : 4.0000000e-04
P2P                  : 1.0590780e+00
M2L                  : 5.5656230e+00
L2L                  : 2.5686800e-01
L2P                  : 6.8647500e-01
P2M                  : 5.9312300e-01
M2M                  : 2.5561200e-01
P2L                  : 6.5900000e-04
M2P                  : 5.7700000e-04
P2P                  : 1.0933520e+00
M2L                  : 4.7905000e+00
L2L                  : 2.5801100e-01
L2P                  : 6.6933800e-01
